Mancala( (0, 0, 0, 0, 0, 0; 1 / 1, 0, 0, 0, 0, 2; 0), 0) 
Mancala( (0, 0, 0, 0, 0, 2; 0 / 0, 0, 0, 0, 0, 2; 0), 0) 
Mancala( (0, 0, 0, 0, 0, 2; 0 / 0, 0, 0, 0, 1, 0; 0), 1) 
Mancala( (0, 0, 0, 0, 0, 0; 1 / 1, 0, 0, 0, 0, 1; 0), 0) 
Mancala( (0, 0, 0, 0, 0, 2; 0 / 0, 0, 0, 0, 0, 1; 0), 0) 
Mancala( (0, 0, 0, 0, 0, 2; 0 / 0, 0, 0, 0, 1, 1; 0), 1) 
Mancala( (0, 0, 0, 0, 0, 0; 2 / 0, 0, 0, 0, 0, 2; 0), 0) 
Mancala( (0, 0, 0, 0, 0, 1; 1 / 0, 0, 0, 0, 0, 2; 0), 0) 
Mancala( (0, 0, 0, 0, 0, 0; 2 / 0, 0, 0, 0, 0, 1; 0), 0) 
Mancala( (0, 0, 0, 0, 0, 1; 1 / 0, 0, 0, 0, 0, 1; 0), 0) 
Mancala( (0, 0, 0, 0, 0, 1; 1 / 0, 0, 0, 0, 1, 0; 0), 1) 
Mancala( (0, 0, 0, 0, 0, 0; 2 / 0, 0, 0, 0, 2, 0; 0), 0) 
Mancala( (0, 0, 0, 0, 0, 0; 2 / 0, 0, 0, 1, 0, 1; 0), 0) 
Mancala( (0, 0, 0, 0, 0, 0; 2 / 0, 0, 0, 1, 0, 0; 0), 0) 
Mancala( (0, 0, 0, 0, 0, 0; 2 / 0, 0, 0, 2, 0, 0; 0), 0) 
Mancala( (0, 0, 0, 0, 0, 0; 2 / 0, 0, 1, 0, 1, 0; 0), 0) 
Mancala( (0, 2, 0, 0, 0, 0; 0 / 0, 2, 0, 0, 0, 0; 0), 0) 
Mancala( (0, 0, 0, 0, 0, 1; 1 / 1, 0, 0, 0, 0, 0; 0), 1) 
Mancala( (0, 2, 0, 0, 0, 0; 0 / 1, 0, 1, 0, 0, 0; 0), 0) 
Mancala( (0, 2, 0, 0, 0, 0; 0 / 1, 1, 0, 0, 0, 0; 0), 1) 
Mancala( (0, 0, 0, 2, 0, 0; 0 / 0, 0, 0, 2, 0, 0; 0), 0) 
Mancala( (0, 0, 0, 2, 0, 0; 0 / 0, 0, 1, 0, 1, 0; 0), 0) 
Mancala( (0, 0, 0, 2, 0, 0; 0 / 0, 0, 1, 1, 0, 0; 0), 1) 
Mancala( (0, 0, 0, 2, 0, 0; 0 / 0, 1, 0, 1, 0, 0; 0), 0) 
Mancala( (0, 0, 0, 2, 0, 0; 0 / 0, 1, 1, 0, 0, 0; 0), 1) 
Mancala( (0, 0, 0, 2, 0, 0; 0 / 1, 0, 0, 0, 1, 0; 0), 0) 
Mancala( (0, 0, 0, 2, 0, 0; 0 / 1, 0, 0, 1, 0, 0; 0), 1) 
Mancala( (0, 0, 0, 0, 0, 1; 1 / 1, 0, 0, 0, 0, 1; 0), 1) 
Mancala( (0, 0, 0, 0, 0, 0; 2 / 0, 1, 0, 0, 0, 1; 0), 0) 
Mancala( (0, 0, 0, 0, 0, 0; 2 / 0, 1, 0, 0, 0, 0; 0), 0) 
Mancala( (0, 0, 1, 1, 0, 0; 0 / 0, 0, 1, 1, 0, 0; 0), 0) 
Mancala( (0, 0, 1, 1, 0, 0; 0 / 0, 2, 0, 0, 0, 0; 0), 1) 
Mancala( (0, 0, 1, 1, 0, 0; 0 / 0, 1, 1, 0, 0, 0; 0), 0) 
Mancala( (0, 0, 1, 1, 0, 0; 0 / 1, 0, 0, 1, 0, 0; 0), 0) 
Mancala( (0, 0, 1, 1, 0, 0; 0 / 1, 0, 1, 0, 0, 0; 0), 1) 
Mancala( (1, 0, 1, 0, 0, 1; 0 / 0, 0, 0, 0, 0, 0; 0), 1) 
Mancala( (0, 0, 0, 0, 0, 2; 0 / 1, 0, 0, 0, 0, 1; 0), 1) 
Mancala( (0, 0, 0, 0, 0, 2; 0 / 0, 0, 0, 0, 2, 0; 0), 0) 
Mancala( (0, 0, 0, 0, 0, 2; 0 / 0, 0, 0, 1, 0, 1; 0), 0) 
Mancala( (0, 0, 0, 0, 0, 2; 0 / 0, 0, 0, 1, 1, 0; 0), 1) 
Mancala( (0, 0, 0, 0, 0, 2; 0 / 0, 0, 0, 1, 0, 0; 0), 0) 
Mancala( (0, 0, 0, 0, 0, 2; 0 / 0, 0, 1, 0, 0, 0; 0), 1) 
Mancala( (0, 0, 0, 0, 0, 2; 0 / 0, 0, 1, 0, 0, 1; 0), 1) 
Mancala( (0, 0, 0, 0, 0, 2; 0 / 0, 0, 0, 2, 0, 0; 0), 0) 
Mancala( (0, 0, 0, 0, 0, 2; 0 / 0, 0, 1, 0, 1, 0; 0), 0) 
Mancala( (0, 0, 0, 0, 0, 2; 0 / 0, 0, 1, 1, 0, 0; 0), 1) 
Mancala( (0, 0, 0, 0, 1, 0; 1 / 0, 0, 0, 0, 1, 1; 0), 0) 
Mancala( (0, 0, 0, 0, 1, 0; 1 / 0, 0, 0, 1, 1, 0; 0), 0) 
Mancala( (0, 0, 0, 0, 1, 0; 1 / 0, 0, 1, 0, 0, 1; 0), 0) 
Mancala( (0, 0, 0, 0, 1, 0; 1 / 0, 0, 0, 0, 0, 0; 0), 1) 
Mancala( (0, 0, 0, 0, 1, 1; 0 / 0, 0, 0, 0, 1, 1; 0), 0) 
Mancala( (1, 0, 0, 0, 1, 0; 1 / 0, 0, 0, 0, 0, 0; 0), 1) 
Mancala( (0, 0, 0, 0, 1, 1; 0 / 0, 0, 0, 2, 0, 0; 0), 1) 
Mancala( (0, 0, 0, 0, 1, 1; 0 / 0, 0, 0, 1, 1, 0; 0), 0) 
Mancala( (0, 0, 0, 0, 1, 1; 0 / 0, 0, 1, 0, 0, 1; 0), 0) 
Mancala( (0, 0, 0, 0, 1, 1; 0 / 0, 0, 1, 0, 1, 0; 0), 1) 
Mancala( (1, 0, 0, 0, 1, 1; 0 / 0, 0, 0, 0, 0, 0; 0), 1) 
Mancala( (0, 0, 0, 1, 1, 0; 0 / 0, 0, 0, 0, 0, 0; 0), 1) 
Mancala( (1, 0, 0, 1, 1, 0; 0 / 0, 0, 0, 0, 0, 0; 0), 1) 
Mancala( (0, 0, 0, 0, 1, 1; 0 / 0, 0, 0, 0, 0, 0; 0), 1) 
Mancala( (0, 0, 0, 0, 1, 1; 0 / 0, 0, 1, 1, 0, 0; 0), 0) 
Mancala( (0, 0, 0, 0, 1, 1; 0 / 0, 1, 0, 0, 1, 0; 0), 0) 
Mancala( (0, 0, 0, 0, 1, 1; 0 / 0, 1, 0, 1, 0, 0; 0), 1) 
Mancala( (0, 0, 0, 0, 1, 1; 0 / 1, 0, 0, 0, 0, 1; 0), 0) 
Mancala( (0, 0, 0, 0, 1, 1; 0 / 1, 0, 0, 0, 1, 0; 0), 1) 
Mancala( (0, 0, 0, 0, 0, 0; 1 / 1, 0, 0, 0, 2, 0; 0), 0) 
Mancala( (0, 0, 0, 0, 0, 0; 1 / 1, 0, 0, 1, 0, 1; 0), 0) 
Mancala( (0, 0, 0, 0, 0, 0; 1 / 1, 0, 0, 1, 0, 0; 0), 0) 
Mancala( (0, 0, 0, 0, 0, 0; 1 / 1, 0, 0, 2, 0, 0; 0), 0) 
Mancala( (0, 0, 0, 0, 0, 0; 1 / 1, 0, 1, 0, 1, 0; 0), 0) 
Mancala( (0, 0, 0, 0, 0, 0; 1 / 1, 1, 0, 0, 0, 1; 0), 0) 
Mancala( (0, 0, 0, 0, 0, 0; 1 / 1, 1, 0, 0, 0, 0; 0), 0) 
Mancala( (0, 0, 0, 0, 0, 1; 1 / 0, 0, 0, 0, 1, 1; 0), 1) 
Mancala( (0, 0, 0, 0, 0, 1; 1 / 0, 0, 0, 0, 2, 0; 0), 0) 
Mancala( (0, 0, 0, 0, 0, 1; 1 / 0, 0, 0, 1, 0, 1; 0), 0) 
Mancala( (0, 0, 0, 0, 0, 1; 1 / 0, 0, 0, 1, 1, 0; 0), 1) 
Mancala( (0, 0, 0, 0, 0, 1; 1 / 0, 0, 0, 1, 0, 0; 0), 0) 
Mancala( (0, 0, 0, 0, 0, 1; 1 / 0, 0, 1, 0, 0, 0; 0), 1) 
Mancala( (0, 0, 0, 0, 0, 1; 1 / 0, 0, 1, 0, 0, 1; 0), 1) 
Mancala( (0, 0, 0, 0, 0, 1; 1 / 0, 0, 0, 2, 0, 0; 0), 0) 
Mancala( (0, 0, 0, 0, 0, 1; 1 / 0, 0, 1, 0, 1, 0; 0), 0) 
Mancala( (0, 0, 0, 0, 0, 1; 1 / 0, 1, 0, 0, 1, 0; 0), 1) 
Mancala( (0, 0, 1, 0, 0, 1; 0 / 0, 0, 0, 0, 0, 0; 0), 1) 
Mancala( (0, 0, 1, 0, 0, 0; 1 / 0, 0, 0, 0, 0, 0; 0), 1) 
Mancala( (1, 0, 1, 0, 0, 0; 1 / 0, 0, 0, 0, 0, 0; 0), 1) 
Mancala( (0, 0, 0, 0, 0, 2; 0 / 0, 1, 0, 0, 0, 1; 0), 0) 
Mancala( (0, 0, 0, 0, 0, 2; 0 / 0, 1, 0, 0, 1, 0; 0), 1) 
Mancala( (0, 0, 0, 0, 0, 2; 0 / 0, 1, 0, 0, 0, 0; 0), 0) 
Mancala( (0, 0, 0, 0, 1, 0; 1 / 0, 0, 1, 1, 0, 0; 0), 0) 
Mancala( (0, 0, 0, 0, 1, 0; 1 / 0, 1, 0, 0, 1, 0; 0), 0) 
Mancala( (0, 0, 0, 0, 1, 0; 1 / 1, 0, 0, 0, 0, 1; 0), 0) 
Mancala( (0, 0, 0, 0, 0, 2; 0 / 1, 0, 0, 0, 0, 0; 0), 1) 
Mancala( (0, 0, 0, 0, 0, 1; 1 / 0, 0, 1, 1, 0, 0; 0), 1) 
Mancala( (0, 0, 0, 0, 0, 1; 1 / 0, 1, 0, 0, 0, 1; 0), 0) 
Mancala( (0, 0, 0, 0, 0, 1; 1 / 0, 1, 0, 0, 0, 0; 0), 0) 
